entryr 176 1045088 1
entry1r 276 1045088 1
for.condr 4112 1045088 65
for.bodyr 4160 1045088 64
for.incr 4028 1045088 64
for.endr 62 1045088 1
for.cond1r 4148 1045088 65
for.body1r 5788 1045088 64
for.inc1r 4044 1045088 64
for.end1r 58 1045088 1
for.cond2r 4110 1045088 65
for.body2r 6452 1045088 64
for.inc2r 4038 1045088 64
for.end2r 62 1045088 1
for.cond3r 4112 1045088 65
for.body3r 4236 1045088 64
for.inc3r 4048 1045088 64
for.end3r 184 1045088 1
for.cond4r 4092 1045088 65
for.body4r 7946 1045088 64
for.inc4r 4064 1045088 64
for.end4r 60 1045088 1
for.cond5r 4104 1045088 65
for.body5r 8024 1045088 64
for.inc5r 4082 1045088 64
eh.resumer 0 1045088 0
entry2r 16162 1045088 128
eh.resume2r 0 1045088 0
entry3r 25342 1045088 128
eh.resume1r 0 1045088 0
entry4r 24552 1045088 128
entry5r 16198 1045088 128
entry6r 0 1045088 0
entry7r 16034 1045088 128
entry8r 71222 1045088 128
land.lhs.truer 0 1045088 0
if.endr 16262 1045088 128
if.then1r 0 1045088 0
invoke.cont6r 16008 1045088 128
catchr 0 1045088 0
try.contr 16194 1045088 128
eh.resume3r 0 1045088 0
entry9r 8110 1045088 128
entry10r 24390 1045088 128
r 0 1045088 0
entry11r 8276 1045088 128
entry12r 7918 1045088 128
