entry8r 0.2016854792  0.0681492850 128
entry3r 0.0717631267  0.0242486757 128
entry4r 0.0695260156  0.0234927585 128
entry10r 0.0690672663  0.0233377476 128
if.endr 0.0460505077  0.0155604121 128
entry5r 0.0458692734  0.0154991733 128
try.contr 0.0458579463  0.0154953458 128
entry2r 0.0457673291  0.0154647264 128
entry7r 0.0454048605  0.0153422487 128
invoke.cont6r 0.0453312340  0.0153173704 128
entry11r 0.0234358629  0.0079189504 128
entry9r 0.0229657864  0.0077601121 128
for.body5r 0.0227222527  0.0076778223 64
for.body4r 0.0225013734  0.0076031875 64
entry12r 0.0224220834  0.0075763955 128
for.body2r 0.0182706848  0.0061736428 64
for.body1r 0.0163903787  0.0055382896 64
for.body3r 0.0119954465  0.0040532472 64
for.bodyr 0.0117802307  0.0039805260 64
for.cond1r 0.0117462493  0.0039690438 65
for.condr 0.0116443050  0.0039345969 65
for.cond3r 0.0116443050  0.0039345969 65
for.cond2r 0.0116386414  0.0039326832 65
for.cond5r 0.0116216507  0.0039269420 65
for.cond4r 0.0115876693  0.0039154598 65
for.inc5r 0.0115593514  0.0039058912 64
for.inc4r 0.0115083793  0.0038886677 64
for.inc3r 0.0114630707  0.0038733580 64
for.inc1r 0.0114517435  0.0038695306 64
for.inc2r 0.0114347528  0.0038637895 64
for.incr 0.0114064350  0.0038542209 64
entry1r 0.0007815730  0.0002640926 1
for.end3r 0.0005210487  0.0001760617 1
entryr 0.0004983944  0.0001684069 1
for.endr 0.0001755707  0.0000593251 1
for.end2r 0.0001755707  0.0000593251 1
for.end4r 0.0001699072  0.0000574114 1
for.end1r 0.0001642436  0.0000554977 1
eh.resumer 0.0000000000  0.0000000000 0
eh.resume2r 0.0000000000  0.0000000000 0
eh.resume1r 0.0000000000  0.0000000000 0
entry6r 0.0000000000  0.0000000000 0
land.lhs.truer 0.0000000000  0.0000000000 0
if.then1r 0.0000000000  0.0000000000 0
catchr 0.0000000000  0.0000000000 0
eh.resume3r 0.0000000000  0.0000000000 0
r 0.0000000000  0.0000000000 0
